-30685
82578
99746
-57604
-31472
-64193
-99141
96588
-14743
-86133
42867
18632
24140
24154
87677
-8967
-44351
98362
-66904
43988
1262
22611
17865
6685
-17621
60620
84584
-73701
85930
-7639
-82088
82334
-97973
44748
51819
-29445
80555
52678
-32858
-34188
66545
37098
11533
-9315
-38748
-791
8807
16901
-75341
-31007
87979
25921
91604
5843
59695
-26018
93552
-28633
281
79481
-9182
-54717
-11097
-7155
90031
-59279
63401
70585
93399
57632
63486
59943
-5270
-97893
77717
-16929
1316
-86387
27061
-46936
-17394
15039
78986
-98702
47971
-34231
-24720
41522
37137
2651
-51909
55044
47934
36994
-52112
-34947
77715
38378
62727
71113
-3990
26213
-41855
17829
-44591
62951
27989
56726
76564
-44951
36879
86259
-2822
-57047
87557
-54852
8723
89927
86671
72949
-80334
61851
27992
-5311
-1155
75880
59742
-96352
-58653
22468
74762
-35554
75770
59996
82275
-68821
22946
10263
14994
-73401
-7599
-48128
39947
89579
-5174
27504
-65273
30638
-55481
48487
3586
-35815
10337
58667
58874
36271
-38365
18615
39920
2982
68172
-58230
67428
43942
28855
-23209
2210
78890
14143
-82797
32578
-93456
96165
-27475
96123
-9010
27118
57939
48717
71637
-66486
-47698
-64179
-29059
-89032
21784
-92789
-27396
67488
-25780
75586
35659
15990
43014
-93311
71934
46894
-64012
50824
-38963
80281
-16599
-32419
76446
55926
90793
94525
-89868
48732
43242
81769
82246
95544
44679
-46814
33602
-33538
87488
33295
61039
-38293
8880
-3302
4787
78983
-69524
-23280
25877
-33535
-72457
86914
-53255
-61966
81584
50280
21049
72376
44805
31182
21107
-84865
12950
-69558
-89322
84719
-16372
-28631
78270
98205
-95337
39309
-40088
-59367
63096
64699
-80385
20661
68508
-27419
87126
23141
86584
60961
61175
68167
11240
-17777
-32368
83134
40494
88739
98269
80534
46270
36037
65252
56988
-92595
43521
55192
39159
-90082
-84897
79792
73014
6891
26496
-6325
-24601
26167
-92111
98540
12750
68850
-13197
-91994
-92821
-3885
-24362
17402
-63391
91466
15671
-82858
37736
78797
82394
-78188
13291
-46997
77004
-47551
-37078
92108
-67760
63025
-73913
-14174
83789
1486
-88008
91679
-72886
24742
-12383
-58994
-40163
-78115
37122
-37436
39288
73731
81120
82048
17962
-54056
60844
-72556
-32244
-25866
-19553
-55241
-46327
-29542
-63134
-14087
-66517
-37046
-1172
44361
-8471
10820
36039
-54267
62652
50746
-13261
-77512
72631
-76140
-14947
-60993
24680
-33828
-78946
-57359
12116
8987
-29915
6961
10211
-22378
51720
63884
48080
88587
76886
8652
78630
-24286
-46987
97248
86534
16141
-57020
49185
93976
-43191
-1237
66607
-92242
10905
32703
32439
4166
-19153
2169
43371
89834
-656
-49669
-72867
4055
-97950
18106
-47866
17726
-5008
-12124
-76556
-2205
-32022
-79308
-88583
11208
90762
-12308
5184
-52430
86455
98880
-44671
-2641
31582
14857
28614
-87572
-82975
-28016
29352
-56542
22315
-16426
47513
24365
-98320
26737
69181
-76239
41702
92625
21556
-90321
-86684
32973
-52024
31168
-79336
53160
78738
34208
52039
-65934
58656
-89290
-23988
-12731
-76862
-6962
-13658
-20421
-36415
-91344
63154
-88902
-39889
64834
-35076
-70709
88595
-93375
-78085
-62761
-83696
62322
70212
91370
-6511
17966
44530
99316
79263
-76343
60472
-34992
-65633
-63517
-20634
84596
29521
65709
91264
20196
1454
54417
31294
61565
-53661
96218
17945
62023
29932
-33050
99262
-26675
56361
-3437
-35306
-50151
41618
-90777
76254
-52031
59971
36725
12977
21427
73209
92344
-66889
-70182
58052
-75625
50014
86595
5881
-91604
48160
52221
31703
-33896
-58668
-38366
-39857
67684
34959
-83497
-35754
99654
93442
32953
35966
69696
80922
-76975
6420
-79012
44453
-93283
-86669
4653
-63464
-1528
29028
13639
-14934
-65091
-50875
60315
14219
80828
53509
-17360
69552
-86349
-49677
-68401
57245
-58342
58342
50686
74611
-78603
-52530
-17378
-55578
-19020
3610
15964
-12303
-55970
-79383
-48678
-30409
-23266
-7949
-18254
-61268
41176
-57939
52951
-50908
22659
-64409
45733
-36601
-86997
77333
-79357
-45338
-37237
71330
-70728
-15840
-81201
-61017
-44328
-73132
42593
-1275
14566
13712
19342
-7023
10392
23166
85028
92139
61898
26203
61289
-58062
2385
-16053
-95382
-51883
47346
-82379
-74551
-4921
-27717
-84698
-33592
-71355
-538
-87704
-32372
55134
-60835
37311
80949
-19180
78112
290
73797
-11496
50545
58825
-19358
12443
-87884
-58070
54381
14501
-47034
58999
62619
27401
76620
15157
-77521
75993
30459
-84024
-95363
57011
-71727
99355
12144
94528
-36246
-6908
-97564
-58134
20472
76233
30370
98106
-37854
-88989
10548
-25737
80031
92018
88764
-67004
51016
-21529
-12514
-45275
20718
9966
57807
-48824
25942
-10467
-91814
-18696
-11113
-52580
-24169
52642
-32399
-21733
94508
15162
81590
24877
-59643
-56265
-37023
50905
-54913
70097
-29988
60941
-96908
48117
66501
-9422
-97159
-12782
27633
-12263
-34516
-46425
77270
-99241
34879
93247
75269
37800
45888
69960
43156
-32516
-14879
24745
19450
25478
-4430
82427
-96528
-32254
52523
-26516
-71314
-17296
-78400
95188
371
51532
-90506
55094
-60732
-25022
-91332
43628
-24262
-29364
36874
78096
-91565
-90150
48055
51592
-22666
60266
-96575
96784
-14257
-73916
6299
-83696
-79080
85911
-83123
-50394
95704
65568
71883
-76837
17099
8467
78257
-16544
83445
86925
-72917
86272
-42439
-8954
64368
93086
896
12422
-28234
78230
-27313
-97719
2102
-14480
-71635
-91600
-71087
-50715
21400
-54209
-74019
17103
-88642
24953
40267
-44454
-66581
18523
-33909
43954
-67463
-79736
30225
-82813
11310
-78319
-89728
-87794
-38807
-17961
17525
33880
-15680
-80373
46489
-60226
55117
75403
-83851
-23483
48283
69220
20709
-13270
-5828
-39025
42276
-45319
6588
-91634
98635
39125
-71370
-44052
-16599
-32970
-22370
-79238
-93675
38823
2801
23850
99792
14210
-29434
46281
-18926
52773
-51228
-2777
-70711
24144
-33558
49998
-89127
-12297
38063
53149
42384
-55350
-11396
41018
10864
-55676
96967
21354
11354
-98315
42116
17679
-32403
72007
68618
-32612
-13784
66274
40758
-5621
19046
16619
18691
-24576
-59238
85133
52511
-48365
99926
-9427
31873
42309
-37688
47567
-89584
265
91891
34472
-78382
-69667
36157
-9176
-24899
30843
-37170
70808
98231
-23865
37081
-33922
70515
-43874
82697
-10795
31550
-76541
-98573
-15939
-24906
-98648
1723
-93033
-29250
-8875
54534
-18834
91390
-26487
42727
40098
3846
-94028
-69079
6036
36815
-6249
-23157
-37865
69886
-86076
28213
-32511
97140
10909
56695
28690
-38543
58122
39840
36552
-13437
68652
-29392
-15598
-40224
52231
-7342
78256
-74257
-64616
-54558
-43322
-58643
-96548
-10197
5261
-2797
66646
67396
94178
7659
-77303
88757
4799
-39304
45451
-66512
22153
-69339
417
-41296
-55687
96158
-43599
28715
-44066
-91369
-78628
61279
61464
83847
-93280
45231
52293
-89828
-64967
-42447
-65536
-98321
52039
55731
9338
74736
44487
41226
-64569
-82974
1803
57585
-52313
-97781
43378
-80911
98378
99780
47805
81401
35500
-3734
42679
-3036
-19888
-23512
-57806
-67596
-13340
-95683
-82953
-51787
33086
-3825
-96057
-57577
-29090
-24480
83650
-66569
-7454
-14548
18105
-32677
-85239
88572
-13588
40228
15440
61306
21628
-49060
-42428
91396
-25007
37684
-32117
-55724
-2822
-18368
-51407
-58686
29845
81679
37489
-39123
51192
35488
-36514
-38070
68919
56033
-25529
-85888
-76645
-10768
-97316
-63144
56549
18124
98163
-94735
-3847
-44266
96661
71146
20507
91633
-84578
44774
-26736
-35985
86088
30198
72784
23576
18165
23975
-40936
81651
12994
55072
37683
87465
-3726
-11873
-96214
-73953
24984
60335
-28740
-49765
65601
67414
5969
-10650
38559
53565
-19017
-18930
-1661
-18664
-27825
-15574
-88466
-55042
35092
29699
-3978
94156
-61562
-90985
49227
76122
96480
72590
91338
27355
98637
-56590
-12310
-30103
-6355
80380
-62690
26703
96819
2958
-19732
-95110
84029
78607
-86684
-43797
90122
-75150
-71750
25213
-18362
24272
19368
20076
-39624
95685
-76714
83945
68274
-85376
11300
66911
-41966
26079
63897
-21231
6458
-98794
-94529
-69635
4164
-14261
-64744
-84719
91435
-51428
98574
81557
-99489
-73177
6769
-90762
-21816
53227
-43597
38560
-24000
-93221
22505
71363
48493
60894
-34638
33616
-13028
-70742
-87616
20519
-69536
-82144
50884
-38282
-69316
13229
-23001
-77881
-11110
-97338
30765
-83510
56575
64623
52818
-65241
17849
36311
408
20938
43090
50002
-7699
-81329
10895
-15248
52287
97867
14011
-8239
18385
-28436
9617
96359
-39629
-32610
-63324
-35540
-10491
25567
-32878
-79727
-30854
-76304
11986
-78036
85545
56924
58275
-86958
-22138
-71547
63044
-2748
74214
-98972
82004
26500
25984
-76897
-81740
71459
-78243
-45034
67817
-17872
22357
-95508
46588
38955
-42852
-86291
-13682
26295
64496
98304
-24652
50040
55227
60712
63082
60178
89165
-46785
-42571
-9533
-45757
66523
-83034
80227
89626
62317
-21226
38472
44372
-53410
-79400
-33272
78173
67188
32773
-64680
7987
-80910
-11296
99572
44483
64052
49611
-291
24763
-60218
-40113
-58984
-7003
-55595
31483
-25671
-89073
-24461
81645
27643
-62145
-39581
-33886
82227
-65902
-86197
76045
-87730
8081
-64094
74681
-83933
-45004
-36616
-84362
99479
54526
-7662
-73724
-20712
32120
-86748
-52606
52206
-42342
78877
53624
95675
-45585
35269
-49594
-80641
22777
-56390
28676
56875
-42587
-68191
-3765
65494
-32285
-29085
8650
-50200
-38612
-48623
76368
-84087
43716
-97357
-77709
-97076
42986
-30315
-17780
27733
75651
-64157
-49504
57156
-1799
-72008
76515
48067
-28398
-67721
4942
-43896
91178
28266
48688
-41108
99181
84427
8692
87658
-64196
-87852
-96429
6609
41882
-74138
9533
-15133
-77364
18842
39689
98287
-18225
90185
55442
7065
-81824
-40954
-44868
-83133
-81586
-12837
-27028
-90408
-84572
48749
-31516
-85392
33175
4266
-97735
68979
16414
32926
-24413
85385
-14123
12210
-29749
8513
58141
-90061
-66111
-60085
27214
89331
46981
45390
75466
-97888
-10653
93881
-10725
62319
30562
-68208
-61844
26135
-53600
71331
57490
75755
-32601
-99007
-64230
-29925
86378
21647
9374
-43371
-69840
-32485
93658
-35951
-65481
-52040
80469
81500
20440
-16976
10701
-90214
-96007
27065
-806
34555
58857
37350
-39311
32346
8680
-81821
-64810
3168
-80828
-29040
73244
-94451
92607
-17383
89268
49856
50132
10015
40994
11741
57975
-51448
-6760
-21586
31576
31031
-11800
35569
85185
87394
97213
-28869
-48168
-42099
-96524
60513
-96831
65756
-36320
49431
-63285
64013
54981
56412
-53370
-28663
6267
23851
81352
-52739
-64409
-33584
-4187
-44079
44830
54478
14041
60120
-9954
-775
47513
-12742
-2555
99346
-27752
-71989
-13053
-24582
93767
-22284
51938
-69518
-58271
6918
13983
-84552
5345
-79751
39299
-86215
94600
1980
-19799
-82499
57901
-74969
71979
-28059
12240
89114
-1745
-40248
-96540
95701
86187
-97202
-76289
-99778
-94695
-82523
-94972
57243
75049
73847
-35839
-10969
89295
-3405
-63630
-44318
10380
-69031
57662
17671
75561
15562
-30209
47539
14592
82031
-36258
-87153
-58218
-32798
35637
55059
97090
59348
-17630
-97606
3914
-12602
59638
-21037
88334
50888
-4917
77628
-52518
31453
60400
-15049
-10488
18061
-97379
-34928
60713
-27588
39700
-97607
-45558
-96559
-84760
-76686
97734
50877
5462
94823
-62687
87832
97218
41228
-97681
56855
47280
90653
-65169
-57638
-4630
-17687
905
-44231
-5647
90417
919
-3025
-44512
88721
-3524
95188
91115
50919
98630
33444
1322
23452
-88590
-93217
18274
-51277
94615
-57420
17040
24023
26524
-35681
14676
61355
6682
-89955
70757
-92414
92904
-34890
25092
-79089
-10826
80580
-90368
85650
2856
-99254
-36343
-71426
34190
64979
52026
45600
71762
97390
21413
-6534
67059
-61548
-82512
-6417
2772
32164
82027
36543
-30702
-20127
-28782
89291
-27928
96310
-89798
61246
3978
-80166
-26016
-93167
47670
37642
62498
-18141
2620
-58388
54549
-98529
-60999
-96950
-5063
33150
-58498
12425
53822
-28637
-55411
35848
-92095
-59024
42810
-93788
-69733
-85119
-97479
-59531
3216
-66412
87393
77201
67512
35062
-58069
30009
44010
-28360
71621
-74353
-26889
37712
-71303
68048
97951
97290
-19527
51772
-31348
-47849
-85292
-96353
-6873
57519
-90141
-49517
-511
-87619
-81959
-97295
73059
-94567
6995
40570
-32416
-23985
97668
38684
47655
-3622
-8580
-79234
-65911
20118
15903
-67961
-55504
23465
10900
13148
75616
25608
16795
95833
-16874
26655
-53685
9705
-33875
91447
12410
-60817
96880
46494
79754
91554
-77492
4510
30237
70163
-99113
48746
18018
62066
-31137
-66079
21194
13359
57386
-67907
53597
-39909
57702
-29609
-44077
67917
24135
-70673
-22379
90260
-79227
17120
56533
44743
90703
-36625
-36615
-86790
67885
20711
10463
68773
-30544
55570
30838
-34591
16580
79122
5857
-98945
-88786
-40547
-38854
-3995
-43066
-55842
91012
8158
-99426
95722
-1582
48438
-60069
82040
-79731
-69367
-54586
-16346
70934
-86702
31454
-91515
9160
-99091
64055
67088
-33682
-19365
46209
72176
-18310
-15488
58718
-30075
80518
-84349
-58828
71529
-49101
-58254
67250
49317
90184
-92820
-41555
-89548
64904
3859
-78805
35837
-55754
52649
-28589
-19504
-19352
-64535
-52417
46966
-56811
20881
-53770
-48032
-94608
32038
21893
85910
-25222
63065
-15473
25677
31901
78867
-97918
22084
13136
-39473
-40374
-21961
64386
-92090
40965
35722
-12351
-87625
-83783
68297
-52159
90890
15262
-81881
11770
-11418
-29912
-55749
-79381
19070
57251
-4603
-17865
-58223
-78926
-85965
47733
-76844
-36792
-39131
-16316
-50077
38908
75159
-42166
-93038
-62031
45483
-80663
81276
13779
94268
72165
56130
-87613
-88977
71801
-90436
-44725
92420
28634
39615
-85094
-89232
8481
-64020
51893
-43786
86226
42191
17083
96999
92114
83080
-753
77037
17131
37216
22519
36469
-54419
63387
-42175
-82255
-53394
-29788
55859
-81594
-93135
38223
37916
35500
-22163
52822
-26643
86318
15891
52340
69621
-70795
-5470
-86208
53294
-13357
96873
-47460
90770
-58908
16845
-59623
77561
62426
-96236
-64614
7261
77460
-67313
-36881
22955
66643
28431
87960
2142
33357
-32130
75499
19674
83761
-45073
-83616
40056
49457
-69824
-6651
63190
54138
45889
53959
95231
89823
94336
-120
52249
25189
35266
86599
2648
-4957
76807
52693
-38315
5237
40652
-9084
-61407
-91478
93504
-14644
19372
-51569
1740
-40573
97888
31917
-20135
-11834
-13946
52843
-57876
-91627
42666
-63540
8254
-77997
61649
70609
-91399
91387
-34349
85408
44079
-45575
-82267
-88181
-27570
-43674
-79659
-34066
-31229
-33197
14365
70512
26230
-60659
-70483
-93905
27508
-57340
58938
-3279
-48966
-71308
33181
59288
-49305
-78081
29896
-40704
40395
22637
71793
-15527
4151
89526
-76619
76582
72941
-56277
69605
-58288
10526
-88942
39313
63845
-49601
68830
-2971
4996
-88511
83057
-98283
-37477
-88252
-38013
48900
89534
-89005
-21204
-51171
51390
28522
47712
-64138
-67328
37237
86334
36343
-62733
-69944
5947
-21021
-32329
17005
-81709
-68485
-5506
14210
-44366
26579
25699
-61310
-44615
15312
77528
17373
-35789
67061
28368
-29904
42980
-20242
25707
-82220
-57291
-14531
55017
-70958
-78189
19373
86188
27759
98352
80948
71853
43732
39553
93436
-42059
95187
20015
10730
60966
75400
53131
38493
-80139
44431
-67357
-24681
41617
2712
-17834
-32677
20492
-48036
52792
-97403
-91904
74604
21971
21373
-70549
-52589
2321
28393
91144
-58127
21829
76174
-62941
68933
-86008
25114
-28579
67123
90696
-8717
11554
-76662
-6309
80260
26050
75857
-52418
73631
54910
27464
76229
63006
-70844
-1801
-15621
-41393
45610
13789
14089
-36158
55662
-64083
-59984
19810
31939
81098
-55077
-96640
48221
-64382
-5357
86864
86047
15423
67123
-60815
-8721
41794
-87184
73278
-30743
89045
36284
-1587
-85668
47752
-15891
59942
-38460
98199
50874
-82799
61205
17979
-35900
-79767
-924
9023
-76407
74386
-28270
-54675
61249
-42224
60748
-44540
-3038
-47974
24344
-63133
52393
93601
-74089
-11324
-80897
67333
63517
3212
-45637
-74944
-71501
-94764
69347
16794
23215
-66554
37027
49381
42469
60620
23766
41289
-94056
-14985
99065
66692
-32436
-76885
45807
91908
-40018
-1801
12598
-87018
13965
31701
80315
-22519
62002
-65322
-70373
90502
67004
98974
-65616
-9781
-67580
71411
-60401
1978
-40881
63365
-56734
92153
75469
69421
-14067
-56967
92536
58829
62030
79608
84117
-25373
92590
-1919
-93673
-6
2652
-4581
34672
32279
-14080
1675
31252
-52607
18983
-9239
45893
-14329
92740
-94989
76126
-63995
24253
51594
32515
-89815
21716
25051
69014
-89165
4658
53130
-14538
-75664
78301
-81121
24330
-91959
14298
86091
40320
27307
-85145
98661
74700
33838
-10578
-52319
46599
-90750
-47308
22724
72345
76945
-98594
4860
14219
-49788
57000
-16768
-38953
-38343
63451
-26402
-86918
-31160
-7523
37413
-23119
33864
23503
44290
-38830
38358
42951
62959
99286
59462
-89361
45884
68712
90421
95697
41056
-5546
97103
73005
-91328
74404
30004
-81007
-64550
91661
82445
-63862
31833
-48716
28615
-30755
-44745
89569
19837
99545
77828
85285
42495
40787
11659
-70955
-21485
84632
97757
96026
80328
-34098
-9521
4519
-61094
-848
-21077
68911
-54766
-58538
-12340
-72322
-22400
-80508
-93948
33305
-84174
-38693
22873
-37247
-39149
700
75127
30436
68576
-86126
59481
74181
98506
-15673
70206
5922
-22682
87774
-89560
16224
-85986
-10637
-87777
-40751
-42085
-116
-13073
35515
-53535
-79932
-31181
-37708
-18625
18781
-47866
-30684
46571
54350
26841
15146
68224
-86590
-83585
66729
-2263
86621
99740
75055
1484
-89821
-81632
15498
-73368
-69409
1836
-15453
30475
15853
47151
76941
35921
43060
66322
44386
-38160
45545
-86299
-91590
-106
40542
-49354
-31883
-18959
-32939
61935
78779
80772
61674
-19078
-17745
71853
-710
24842
25574
29882
-73322
37210
87446
42531
-15639
-8525
-94460
-72580
84886
49926
-83651
30430
-9284
-75240
-69677
58347
-24594
-1560
-60612
42467
-39626
-81834
-49673
49137
-73823
32582
-51921
25468
84514
73653
82439
-88809
10863
-3027
-19189
22313
88449
-13649
-23178
73334
-63723
-6829
-69147
26993
-54980
-38824
-14660
20426
-13294
24728
89983
47080
-30017
-59691
-3783
-3840
-19
44296
48717
-15506
-54963
31155
-4315
-17011
55218
3585
32391
43666
89936
-90788
-55912
-73788
-70527
-25059
-19705
-25507
-36793
65635
94920
49913
-82549
11991
-75919
-12566
52300
-52613
83594
79370
18772
-40600
-36137
63810
17644
-13363
73888
-27139
90222
6279
43616
80158
-57420
14794
33459
-27947
16824
-86247
46547
80031
6477
-31445
29943
23928
7635
54025
-88639
87024
28501
22045
66394
-52727
8534
-69744
-88918
-73823
-56017
12059
-961
-65796
-81663
-57346
41451
-39082
-15463
-25090
32971
-98639
-11337
-93394
81392
95141
-24839
-61576
-53843
9885
19538
-42481
-3091
-51962
6653
-36698
-4689
-84814
-6442
-66518
-58637
-35370
45542
-32509
-1165
-9032
-62765
-59715
51886
21772
15195
-88054
23133
30948
-81448
-68386
-46823
-79197
-29962
-666
30688
16665
-16058
-72404
64703
90595
-9102
87104
32870
11546
47675
1323
76176
-79695
68814
-97901
11274
33138
-57615
-36841
-45090
-15331
-24895
5132
42706
-79253
36746
95883
-58450
33873
-4783
72238
77627
79159
26924
-30581
-3157
-82179
-43478
-70288
-43544
31286
-41876
59722
51592
54028
61821
-37135
-12835
31295
-46887
-30836
43054
-44692
74297
-14241
-23945
-61869
-18358
17605
-906
3948
-83069
-23280
-89805
43855
46139
7038
-11234
29750
-36160
45222
-38964
-50947
-67968
39717
-96920
93854
29671
-9754
-47763
82784
59410
95291
-61909
33706
-18950
14146
-1073
-10219
-68250
98021
93729
75772
-98171
-96077
19626
-24942
-61949
35481
-95193
-71020
-19297
92933
-21967
-60176
-40262
-18886
60767
89409
-1551
-86996
72193
-42142
-91706
-89717
18654
-10656
-48481
-82420
79125
-89642
42690
-58
86130
-28392
-69045
-67155
46666
-30994
68326
-21437
-74925
76118
98585
-69803
-84058
-41677
11311
76709
-52269
-90241
89713
47013
94708
98008
57297
13361
-85560
35905
-41970
20655
46263
-99281
-79404
32393
99417
78641
-7673
46083
74736
-39348
51735
99811
-63230
50319
-69992
-47288
35731
-31592
56510
83463
-21832
46223
-42436
-27125
-28681
-85140
13325
-14241
-22146
71355
33503
-75883
-837
-18811
-16401
-1421
-40171
75926
71751
-65435
-63423
23485
-65625
-99564
-99107
91473
-46852
36624
-40119
-90342
-52825
-34862
-17030
4740
38013
54289
-53311
78427
67137
-48367
49781
-72271
-24250
-51057
8918
-13562
-25389
68747
89453
73452
-96689
-73971
-3064
64777
-73534
-75082
56249
-93297
-11368
-83871
43451
-37104
-18733
-73580
67636
46369
7798
41415
24795
-97976
93048
-98336
-70247
95887
77697
38671
-17676
-47692
7417
-28224
-74241
-62182
-75106
-50216
-97406
78450
-98208
58843
12243
-82487
74973
-44307
-19591
83329
-90797
75135
-43213
-55910
16549
81582
-53886
-63315
10336
-24133
-67429
-11968
41627
-58016
-32571
76134
-59151
-79723
-86049
92833
97152
-83455
71283
98944
75388
-89386
-83544
-22551
93397
-3135
87868
-97401
-28001
-55346
73780
15637
53325
-80107
-20589
-36340
-77150
-60929
51693
64477
-91856
-80879
40610
-51007
-60601
-18350
68916
-63450
-1805
-32713
62583
-99328
-22099
79039
-21879
-28703
-97008
-34012
-99014
-97919
-62269
74766
17718
91057
21748
24219
-45284
44598
63290
-93592
-63836
71435
52620
3863
47517
92019
85514
16432
55658
-16292
83719
18240
-88531
88709
-2722
-10409
-39994
-72641
-17332
88082
-70560
20400
62847
-25752
-61455
-15406
98467
-6739
56282
-11155
-330
92446
87369
79379
-76603
34886
71397
-91090
-48683
-45857
-80292
62126
72383
-68823
50834
96750
-52143
37929
-75892
-42385
26010
80639
78015
-11144
-45114
-83441
540
80442
-63091
-43179
96376
-36332
-50734
83745
-56954
-27337
18630
41532
-91337
-2964
95675
-71629
86251
68057
86638
37085
64806
-65505
-97898
16004
-7890
28113
-3358
97214
44058
-21383
40862
71687
86148
77771
-71493
82523
68529
-95138
66267
-88426
-95385
-88015
53107
-86722
-63889
-24130
68739
-77639
-56073
-17535
-13465
35822
-55951
-11362
-48175
36159
43840
-24444
-39539
-12103
-18738
28412
86674
-32591
-66728
-84820
77022
-98200
-79957
-29623
-86626
51748
-90548
-6430
-7885
-54437
69441
87943
-32076
40457
-29593
54460
-23722
14457
-56903
-44807
77705
14026
-42162
65256
29012
39101
-6333
15685
33599
26939
30866
-62291
28739
-22002
-64824
-30797
-70255
-55372
-10138
-51051
-9809
86392
-63109
58115
26848
7298
12574
30216
48844
-17240
85409
26549
96786
70336
-8196
25798
-63475
12560
-58518
-2786
-60501
-563
34923
-4673
77435
70099
64530
34269
-85274
81482
83218
4917
67873
-79892
90122
-5279
-45504
2695
52026
-96661
12545
37434
-43023
9330
-65142
-24130
62217
-28616
88431
-96301
-4313
55019
3136
-69391
-49655
-92340
27798
41965
-30982
-30387
23446
-47764
1620
-8682
99434
-8259
13128
81019
21525
-34847
11448
61159
29676
-4486
97579
-8376
71385
59795
-9903
-13096
-9417
85784
-58078
20809
43482
-7733
28469
-28721
61321
24576
-32018
-15234
3901
-3309
3174
-69576
88432
43391
-88558
-62955
35634
-50021
25294
92399
45494
22872
-15978
16878
-17334
74119
-96219
73250
59902
72793
-78853
3384
92149
49616
1752
53470
-98720
69734
65325
5182
-33576
95588
35606
81945
-33932
47048
46080
-98299
97028
98463
21189
-30390
21334
-94789
86488
31089
6419
17358
-68573
93411
-9850
-47426
-3206
-90613
29279
25635
62857
30560
-77542
-44729
-64259
-84029
77948
71347
25006
-55985
-54517
98175
72806
69600
96637
-6005
-60791
17970
-73705
52786
-50942
32714
-29857
-19514
26124
-12618
-39851
50007
-76141
89429
-24358
86716
19988
-1900
69076
-17182
-58840
47024
-45836
66166
91039
-73264
64340
-9066
96337
60976
84929
62635
-21055
-88777
15421
-44907
-28974
12653
-37332
97151
-99965
22817
47157
-76106
12245
49888
37699
59322
75077
-66136
-57861
-83763
80888
-76608
82403
-985
77219
-26168
89949
644
-65193
74877
-36722
-59158
13189
78699
-4065
84216
-8648
-14308
81366
-81524
-91492
-44389
69460
-52157
32589
-65753
34254
7665
-31889
3483
-49009
76088
-46036
60484
-24897
-68818
-65685
92141
31826
-30878
-5893
95105
-62947
-92705
892
-39923
18600
19333
45769
-72946
-35102
-18633
-17334
-65643
-43701
42344
95695
90553
77098
90895
-78876
-71911
66983
-24911
15662
69175
6271
49977
61315
65187
46188
-44579
-12620
83242
89807
88272
-56682
8406
-65306
89088
35461
-408
-29546
45216
-38961
-46158
-12441
-43267
-55606
-35344
-52373
-34481
-80166
41699
40608
35496
10873
73968
-14528
-27812
39154
-68340
-45302
-73467
41991
-55496
41895
85309
-20000
76589
74396
-84540
-23820
71939
60676
-35692
-74220
75324
21041
97265
-60021
-4242
89873
86904
-62544
-42431
-50512
48330
-68464
34961
47607
-2220
-6290
29394
-48598
62790
988
93297
48098
80988
-3026
-50417
96448
244
-78479
-15788
64552
74392
-40465
-87318
71656
-73397
-64471
61528
-86494
-27015
-80904
-37005
48404
77722
25045
-76901
-24499
45844
52494
-46007
8633
-46519
74379
-43270
-65532
-28647
-66598
58005
-1314
-45076
-57784
90327
-70685
1751
-96992
28060
28354
-61463
-83324
-31050
-61388
-64228
-40966
14105
-86507
84079
-35706
-83916
-42989
-83213
-29923
-7267
97358
71545
-23448
58915
-57103
9955
-55992
-31328
64879
-13776
-41001
21283
15064
89097
76432
70507
54724
93108
-60544
93336
-71121
-1510
-65471
69462
-90343
-1177
12635
93758
-57301
9801
-13510
-59944
-18654
63043
26060
-48668
-99914
70068
20005
-7946
83381
6093
-86664
-1556
-4811
16857
-31049
-50088
9964
-64504
70337
-34068
-38924
-95134
62483
-29267
3689
-24882
91581
-26522
12008
-94841
-59377
93354
-4709
66684
71776
-4623
-36160
-81131
87431
-52779
24962
27856
45665
-79850
-55288
41705
97153
-18235
77202
67489
47697
-61723
72355
10180
-63901
-96867
12387
-72321
-23389
-75606
-67161
17234
44838
28130
-88994
-56298
50597
-25153
-37429
38027
22068
87533
92973
94822
34772
-62316
36527
31924
19450
13728
-587
94236
-20906
98857
-68496
15193
-98011
43891
-30038
-94311
-4625
2801
-49987
-59788
58020
-38981
-16086
8616
-37045
-26426
73733
12112
88196
66705
6934
-49944
31478
70550
81981
78017
-88634
-91518
72253
-9540
-92662
30846
32742
36418
-25263
-97297
-30804
-2799
-67407
19209
37413
17703
80229
48416
53408
70273
49079
27140
-17615
37274
-79067
16408
87330
52412
-13043
-3601
30428
-74588
-68030
-70231
-57039
66399
60616
75703
2816
62442
78407
72012
-40358
38089
-81690
24144
-44209
98539
99649
-90801
68811
48727
-36572
78285
-86911
-15638
-5308
27508
63863
8738
50997
-5710
34150
82967
-48851
77111
49365
38854
52814
79270
-71616
-41691
-21629
-11974
23487
-3319
39259
79279
-77692
-34004
15567
18208
41812
78995
-3507
54901
-36644
18274
-90503
-72782
-72988
60494
-51402
-11749
43461
-73164
-34638
-80086
-7221
45265
99185
21163
30663
-95356
36278
-45851
1325
-97375
-66573
-49278
-31379
48994
68930
-89568
-44922
92512
-7578
-54477
10786
1919
99832
-35113
-37587
75519
53138
32963
-97646
-81501
52877
-4867
-9147
-20850
43385
-78485
-16206
-20338
-24335
12208
-17713
-63819
62930
50908
12265
-41051
-11571
67343
-48540
80851
39955
-10665
-17231
39786
54222
-27729
15304
-65551
-94767
-55253
80038
-14800
39880
-29109
64350
-89647
-7594
-51856
-9985
-4840
-12559
-609
-41569
77461
77388
70696
-63591
-34184
-34873
-85042
73756
-94919
-68617
-43475
44868
12694
-44115
-39829
47143
-38881
-67992
27181
-26592
-1023
25161
-62243
9331
44656
-87010
26435
-60184
432
-74174
-1753
-22108
30303
96032
-58610
96120
-38842
-43652
69875
-33761
-12269
53489
38196
27515
-90626
25457
-25343
97583
57465
28927
-29010
-43559
-45913
-64164
65772
98744
-51173
-80704
-61441
-23652
-54878
-36105
-18671
2514
-40074
-50192
-1367
-51827
6156
95598
-58499
20977
-23825
79698
-51509
-87362
-67757
-49763
37310
89708
79165
-91701
73238
-66749
71226
-33901
-68006
47142
-14605
97643
50579
-42394
88627
-68093
60120
75642
-18285
85843
-76186
14960
81440
-34684
63026
84704
72103
38606
97343
-95655
88844
34652
21142
-4903
-29959
-78532
28348
-58734
-12433
-12568
15497
51
-14926
-33925
57657
-99210
-2018
-55134
76432
6786
-69292
-99754
48835
39237
92652
11861
23940
-8157
77556
21282
-3812
-6512
83024
44419
88585
-46936
65887
-55978
-78581
-46546
-41457
36916
-19406
-29294
-97010
-61749
-28504
972
-16883
-52072
34847
-59086
-51826
-16319
80151
67915
22631
-68821
-40243
187
52462
-16966
20764
35485
-72548
9349
15638
20428
-19540
37057
971
39003
-26028
81566
-90292
-23038
-80184
-18795
5023
-69978
29133
66959
-29064
4396
-49361
78176
-27690
360
-90646
32067
27636
-11095
-84900
-51601
-75611
-57448
-15163
-32884
-9931
65297
-95828
91041
4299
-21856
72606
-58903
-17805
19511
22302
87218
49533
78524
-18735
47558
-17081
31905
25733
55229
59354
35087
-85616
-13011
-76008
-70516
-37523
75471
99126
47315
-57413
-10806
12611
73849
-92677
44000
79083
79929
85097
-38723
-561
-65513
75585
76061
40100
-43151
23618
-76982
15843
-50650
5336
-24804
11527
19720
-10726
-37392
-23707
51752
-61922
-97493
-73845
-92246
-81210
38766
8693
-73886
-90146
-12225
-93958
22040
-23859
-67429
56527
-48275
-91369
-3374
-64336
32250
-53267
-21404
8689
-20842
-19118
-79785
98878
70156
-17177
-97741
-51004
-52009
-95234
-24849
82835
-76443
41007
-8473
-50329
50861
79302
82803
99991
82533
-84627
56517
-65743
-75995
80233
97011
-16656
54055
-24393
92033
-66787
-16422
39338
59180
80823
-77840
61440
-70181
97241
-6705
-67941
80076
-56059
155
98692
-79299
-48984
5083
-96496
-48994
-12385
45967
34612
-51039
69972
-58067
-54028
80405
95989
-51332
72438
-70799
32246
11775
15470
13068
-38976
-23091
-30024
-41735
70205
-70875
65430
-85855
29280
64121
-65153
7385
-30797
65441
-14520
-16093
11407
47182
32869
-91532
89115
5930
88873
12192
54598
-11601
-31518
-86068
-99827
83953
-45911
88288
-39139
-48845
-53448
58155
-19720
39071
-610
-90441
-69720
-38674
-55966
-516
53856
29514
10480
-34738
-23305
-56652
-99181
92900
49278
16782
5091
-69036
-94820
73574
-55104
-94646
57526
-73925
93642
45476
-22770
67283
-69280
-15401
6353
30110
-78753
-36278
18525
-34719
63206
-27620
21885
-26314
37642
98580
-55877
-34449
91479
93402
82333
-3430
51455
87513
97233
23441
19956
-18153
49516
-59314
-72678
53835
35058
-41958
65523
68500
15241
86770
-67778
-66235
79141
22517
6145
1025
23292
70877
-73307
67416
-63573
45262
-12094
-81241
68921
-60640
33361
66153
62801
-46683
-52001
-60595
-78908
-97590
93240
56151
-39547
-14149
24650
2783
-27379
56872
36549
78851
-20611
69783
-93036
-97320
40659
60747
70096
4175
6008
85091
-49977
-25072
-75549
83385
68170
87252
63791
43258
-73343
84883
45669
46986
41033
33211
-67163
92773
63083
-67453
49644
-369
38487
56122
-30586
-27460
-14108
37162
-66714
-44013
-58663
-33616
68168
-8640
-31599
92619
-25256
-63429
6959
65624
6918
-39295
50507
79676
34781
-81372
-60025
67618
-88600
-96942
27254
-11866
2689
92830
-55745
-808
-34631
30147
-63646
-1345
13224
-22309
65039
-18609
69051
-66560
-98902
70885
97101
8057
36508
-68893
-4148
-85897
-89217
-69368
-67268
-49242
25339
71222
-46184
-47408
-40645
-16405
-54579
-69300
82787
10790
-12064
46230
36534
-98841
-76080
-71338
-90361
20061
89192
37827
-81966
13381
72974
-18369
44488
-31175
-4265
55271
-543
-44444
33119
-75205
-73223
14024
-95524
-86778
97619
76987
-56078
7495
-85135
31858
80814
51399
-39893
-95266
7150
-30254
-48116
-3659
-92427
97008
-90279
80547
-94273
54210
76461
1462
-63431
-96994
-15893
69688
-72199
10885
-89199
59367
24107
-91581
36353
-4882
-56997
51218
-73025
-76183
-70295
-12918
55641
36856
-16082
34614
-66804
-8509
-41290
70008
99127
-35563
24217
2676
-7011
60786
5682
77096
-42437
-39428
-12020
-31636
-80062
39176
-96128
-16620
-65707
73966
61687
-38731
24872
18481
-24560
-92399
-44664
59358
42215
-84378
77938
28014
85630
4153
92451
-63065
-93172
-14561
24810
-60401
-37465
9462
171
-22396
77826
-52802
-83220
8788
-42333
78163
-90158
-80647
66521
34714
37835
-58039
42315
20260
28408
-88382
-37029
6346
39632
75690
37588
-40829
39714
44417
44611
-35476
84016
34235
73986
-88724
-88162
-21099
-41526
55708
14778
16142
-39040
24620
-37416
-72520
86423
27508
96531
-44174
74858
24939
94534
64918
58374
34165
40608
-4039
93336
-19679
67467
-34965
-28066
-21428
99270
73010
-10152
38198
79000
-24589
-6095
-79134
18642
54865
45486
81227
9435
-41003
-64177
5965
14823
-89320
57993
9356
2688
16366
70610
-56705
39417
-8966
-49295
6883
-16841
-50271
85455
-90483
49828
-97609
47715
28827
-22197
68710
49693
23534
-49337
-77733
4760
60098
-91647
-32327
93153
-49735
-94558
51145
-13290
8130
94601
-42681
-21486
34017
-24558
-43691
67989
58601
-66873
-19467
68119
82955
-17076
-57078
11781
-12184
-88369
88563
-88650
-37705
37919
-56801
49482
46272
10872
42634
23626
-56596
-79132
-89665
51534
42558
94744
57138
-96337
-29815
-86554
71652
55876
-53427
-47816
-48917
56617
-37802
-5995
95487
50014
5637
84049
-11547
-4979
-50944
31653
-55498
22417
69614
14226
-53958
-86983
-37817
-43623
-8359
-95260
-48880
75868
-91597
-51606
89314
7144
-95731
62976
-13582
-44648
19592
48616
-23553
15078
-74282
82084
-73785
14172
-95807
-97640
-54176
-51305
24777
42527
-9990
70819
-17366
52193
54285
74275
-15978
-94596
50142
-7575
-46202
-33456
26659
85158
56609
-86924
-59491
-96711
61692
16956
-54544
87410
-73872
-28329
1581
-69679
-98880
-25506
-93894
25897
-82979
-76795
-3285
-73256
75399
-49001
-98982
-40580
83493
-21751
-21065
64380
-28118
-94407
49537
-71510
-81331
90047
-68221
7450
-65909
-22765
-78052
87310
-24005
-49381
44720
-22885
25113
50826
30101
-30777
74032
53905
-4033
-23481
31993
-75926
-36972
15485
2323
41963
-20136
1294
47556
-70599
29784
-6686
46537
-11348
27853
7717
-7024
49802
-4974
-3940
-99580
-60254
264
25533
17661
-69636
21846
-8308
84269
44902
-4700
-56650
68977
58329
58835
98389
291
65789
-317
74937
22279
56556
95340
95905
72298
23193
3621
-34727
-27006
98648
61334
-26586
-61607
-38403
26036
-16857
-80949
-52119
74836
-96681
19873
97225
-53330
-84062
55553
32594
-85674
82934
-74529
-58902
57870
47750
24744
-19702
43654
-2959
-96510
74365
62314
-23516
73012
-49264
-23013
38494
-60577
-96977
-78364
-41526
77994
23561
88883
-75045
20786
62642
-59107
-96573
-77675
82310
86361
-52204
-76593
-28681
22636
-24760
51618
-33711
72281
-17803
-59347
-38316
58682
40754
-60491
62758
-93664
-21068
-7130
-72027
-35505
-29136
-21377
-46622
-77092
26498
-83981
-36198
29926
-61656
-53889
-56625
-86770
96608
-58216
35866
-28152
93402
29244
71218
-97313
69898
59991
-11542
-62260
99501
-48784
-55923
-94479
44086
99140
-29983
42039
-22238
23395
64948
31350
-33497
-71251
-38725
-68063
-98051
-68261
-54833
98557
-26477
81033
97494
94014
10276
68712
96702
-92738
-44209
-87752
-54997
-44709
-36536
-83831
87903
34640
-84692
-42081
-23322
-79841
8403
68715
51509
1995
24553
39873
-38979
26502
71613
6188
25059
72225
-85691
22552
-6672
24586
-81648
-82882
-41063
-25856
-70634
-68971
-43476
-7169
-52802
71516
54560
89596
56524
-68763
-90245
92016
27042
-11647
-5989
-48406
-71774
55032
78097
26928
88310
-69756
-73759
-97382
-20115
19569
-45707
-74673
-36224
-59680
-73440
-6857
-28651
-89827
13063
-54363
81690
-32378
-64768
38213
-74052
72077
30229
52990
87520
51329
31674
-84255
-66551
-63141
-30238
48848
94193
-76908
51467
-25923
-30249
32849
-73507
33527
73169
-46947
53759
71608
-36773
-33179
-82756
72006
-38468
79566
10218
-12519
51643
67536
67560
-33749
18864
-73678
-90915
-20597
-36819
-21153
-71750
-42627
-70972
6806
-41460
-1221
-60345
-14967
-67694
39913
-34824
86065
11520
-44508
79976
-44147
-72503
-58493
-64581
-35196
-43923
14151
-67660
50727
80402
-21707
77049
89487
57696
-59770
95423
85947
-75308
-75550
-7248
-16768
23230
-40504
-4645
-17375
26499
-12380
95779
-61982
-29799
2843
-79039
-75213
-28560
-43620
-83320
-45394
-2380
-50980
-94668
-21979
-45597
9471
94597
39188
-23210
90019
25134
1482
41558
44976
11804
91877
31561
34248
-25499
-41941
-78133
97370
-76833
-80843
212
-55872
-56056
71652
-72403
-39376
-73742
25217
-63266
58680
30327
-81774
-31850
24923
57414
44940
-57970
-90363
73512
83588
-18298
-14685
2554
-86738
46652
77055
98412
-4392
1513
-78422
14765
-98275
92796
-14202
466
-79608
-26489
-46187
-27302
-62666
-87507
-96976
-44440
-92268
-44964
-87026
-20238
-75845
49701
-46727
34832
-68598
-34323
-62615
71754
-87672
-85560
70165
7936
-56958
18832
49790
-55233
11627
-64413
-27677
-40892
9098
26136
-41105
46433
-34282
89009
29082
-26549
-55956
-30855
53213
95289
-81155
33575
30121
-49753
26341
67506
-77999
38669
9035
19255
73694
52078
-61913
23483
96845
-23197
-13841
-30833
-36999
95257
22393
21896
-31222
88111
-62006
24950
88651
-90873
94095
41863
-95584
-87060
-97474
34537
90277
28867
2042
39367
94625
-88923
-41378
68318
63155
-3291
-81111
-12912
601
5048
-16655
63602
-72606
-94263
-87413
-3828
20937
-49419
-78879
9588
-40292
42306
78540
91214
55246
81067
25750
-27389
-62978
54882
-88022
-68353
65959
-29400
27054
-43798
-5602
45944
-29621
94999
78081
53724
-14310
-94526
-13450
-1723
-71264
-92513
-24053
76947
-55836
-37256
19252
-77297
-46042
-98414
30859
79708
-25802
67882
34589
-13824
26618
-72364
56776
80761
-89073
-48827
26704
-18693
73261
-68126
-64970
-41050
-62652
-51330
-15684
-33916
83247
60263
-56969
-72590
-76993
-10628
-49887
-23035
-9041
8062
83762
65157
-96968
-54560
78422
29650
-26924
-37714
10410
-15996
-59452
64204
-7600
-86192
96078
-45481
-27241
60515
3189
-15836
-73401
-13565
-55573
96720
-59066
94524
-13909
-81863
98578
4139
26199
82339
-30705
29231
54868
74806
85970
55034
-62909
-3621
-60963
-22361
87672
-41474
-8552
10838
13045
-8704
-28647
-83766
75460
-74959
-70242
46976
-78240
-29307
-31412
-65060
-11170
-32835
39080
42118
76594
35464
-28652
31461
10270
-42683
-13506
47361
-19215
-47380
52090
-31543
11146
-56463
79295
51281
-38078
77737
67515
64471
-97223
24362
-61464
-75463
95055
7124
-40522
-89027
74290
25647
53091
-22028
-38890
51528
-90568
-1531
-91156
-76984
-54170
-83281
-97275
97920
-14824
-59039
68546
91560
92242
57557
69297
-13155
22027
72074
-88794
60563
23701
33351
94777
10268
-28587
69066
-64086
51594
-52963
-75887
3121
83559
22583
-60945
33664
-4498
-44226
36390
-79490
-31961
4440
89056
-40402
-3319
-26299
55984
10615
95728
-44853
-51090
-16620
78848
9350
-21844
-83796
80764
74311
79208
-40554
48437
-96680
62567
-40916
25903
28711
92749
48494
11574
-43773
69004
79613
60667
-14852
66301
84437
58849
-50627
-4949
-18334
4520
-28950
65046
-89544
80401
70291
-73340
-11747
-28310
32957
47699
-79874
36278
-62646
-20790
89270
-6845
99048
37764
-95272
-44726
-66144
84342
43030
19005
-22269
27466
-22147
27104
49606
59519
58714
-79344
-48347
69170
28146
-78057
22920
-83602
-6367
-44124
-8814
-59152
19243
28540
20059
-64398
-78306
-53805
455
-73577
1470
34311
37854
-55501
-46685
42674
-945
31169
-30223
75750
-9313
-71510
23495
42341
24750
-48360
-8627
-52331
95128
12096
-69366
-13687
52944
-23033
41943
-99909
12569
-9274
-53713
-86977
17149
-25154
47334
82092
-53566
-99351
24765
-27422
31818
21632
-51672
49594
50122
71823
-80977
-98040
50553
10397
-50371
45680
49582
-92647
59083
2525
-15680
1025
-70294
23978
91751
-96918
37001
-64011
-22072
-15666
45170
-48549
-87928
-30065
24030
43890
18656
72358
-79427
95867
-28731
-60404
97828
-78179
-22918
74546
-5409
-73337
81899
-46327
-43722
93308
54698
-14016
17285
-26463
-10934
81375
9526
-5917
-34291
81786
45534
-95130
78810
-30437
-24150
-2535
69010
-3577
-6669
67369
-36892
-8842
89190
40191
92794
-16220
66854
1781
-35458
-76869
-4911
46329
-63796
39463
-80134
25270
20838
-43519
46442
13636
-61734
-80935
18506
-82925
-84283
94356
14540
84728
-82133
34961
52096
-19024
53208
-31626
-78834
46001
-20756
15109
-52218
43786
-34670
-30040
-9885
1534
-90578
-62930
53894
-42651
-6449
335
70985
-41093
19400
-83420
-24018
35118
-89065
17612
-53066
55893
79662
99030
-63132
32869
94493
-41966
-94041
-26264
232
-46259
-82478
65562
-49210
-65274
-32904
-39788
-28204
-79011
-55349
65347
-51587
-84365
51343
67814
59305
-72675
-69980
70241
-27974
-23046
-46778
-48313
-96928
-9910
11645
97565
-24787
17604
98391
75445
71345
43002
41007
-77866
77728
35192
-90564
-50477
-16730
-45913
41959
31683
96812
-6698
-73415
56117
-52284
83695
-46554
-53169
87738
6668
-74393
90810
96758
37252
15464
99060
-45144
-59057
74504
53290
83945
-57401
2514
-11239
4880
-60961
38284
15239
-79785
-92669
74012
-82974
-72278
-99404
232
-97473
11381
-19233
76448
-882
87435
-97946
-82983
11281
39307
32481
10340
21252
73424
-88067
-98370
-15543
81622
4144
73218
-13498
-29728
-61410
28830
-9513
73011
2841
7514
27823
-69473
34835
30350
41908
-84398
6798
-58975
30126
-64059
-41958
-58593
2337
17612
-21164
-76412
-81876
-82142
-74781
2581
99481
-43548
-24202
-86929
26725
-58523
41901
-82789
-85512
-55258
-48186
42311
-24731
13739
99750
-82824
29341
-66364
85291
-40534
-30422
70423
-72038
71915
-11966
6799
22593
6159
24657
-25099
35829
-48774
-41558
-88373
-35703
85167
80194
33288
29468
94682
5119
8371
-35919
7477
49199
-36169
-48258
-21461
-2533
-62968
-34905
-5866
-92546
-6943
93139
-77422
26945
-57180
28737
78692
17721
-35435
-70083
76163
-96719
-78696
-11581
83476
-18319
44976
5246
86800
80436
69328
-5724
29635
60248
46018
-91827
84804
10139
-99643
-21062
17594
-6585
99166
40172
-79641
-58015
95998
26140
59706
87652
56058
-37043
90934
77362
-21535
1498
86132
-76560
33833
72931
-96124
3160
-32794
-39400
90497
40313
95863
75301
-49549
96221
-45762
-4866
-10365
80493
-64695
-62917
-77523
58392
63224
9272
46044
-53630
72229
-35934
50821
-49306
65564
36952
-98777
-604
9882
32189
29646
4177
92789
20142
-55511
88652
-4558
-77971
84872
-23231
17164
-98405
-42739
-20442
65768
-93173
-62050
-43920
16099
83994
2450
-84583
-51941
-46730
-33889
40712
17311
94424
67197
-72808
26613
-76069
-41542
-53510
-28837
2947
-64859
-6306
-47934
47102
70464
69230
48697
54814
-51213
14465
61642
-13263
-2366
-95171
97820
-99916
-79754
72968
80444
-86554
13679
-2245
-92130
-92035
-47964
-38428
58986
10495
8062
-69852
40531
43204
23843
92597
-9695
-78605
61826
66092
3298
37703
-92355
-35061
-75561
5279
96859
49349
5363
-82896
22316
-87104
-69449
63085
10651
65511
71050
-10224
-72918
30035
-99730
35144
-12727
-32109
-21653
-88885
-39513
-4258
59600
49403
-38167
-37103
-12895
96568
-45074
-61367
1846
-48216
87982
34299
-31112
10298
47195
-73472
-26618
84935
92039
71521
-25290
-80880
-71356
-97930
54265
15917
-30039
59701
-45879
30448
82532
40810
-93061
71454
-96293
-5956
68021
-41367
32678
96957
-62494
-52252
31255
-66517
58046
-94462
-39988
58517
17562
79140
30037
92272
98261
-14229
21431
-20386
28777
91392
66404
9988
-51071
48936
-49203
-44132
-52522
-45496
-22998
-84501
-59774
36769
-87545
-95179
84517
-29201
-61695
-30348
-23663
-74594
-71832
93899
-95455
-14705
13259
29895
71066
-65310
36598
-73069
53171
3002
36919
-97901
79027
87717
85058
53594
69310
-37941
69093
-90464
25917
8637
41447
-62478
6525
79752
7174
9951
-94843
35343
-69062
36793
47727
-28713
93777
18792
5977
30375
-27188
86237
60466
-90269
88337
-33419
97448
483
-79826
-6154
-10369
16357
3382
-84453
-75007
71919
-46931
-41392
51670
60244
68559
-16083
-77325
26587
47799
70402
97874
41575
-83718
-69061
-28051
-10906
-82825
59504
-74086
32601
-73916
-76639
-66917
-53741
17208
22714
62616
47679
-34650
14698
19597
18420
395
98357
-94248
96044
-90638
55517
22630
57161
25918
20503
-1265
-30711
51442
-2226
58383
-4294
84367
84298
-71693
-89549
34748
-38610
83800
79045
11194
-26496
-46187
76544
88202
499
-5037
-84314
-74056
-72196
-88271
-64694
83321
34359
92467
-63673
-45139
-81709
5616
33392
-56846
91089
-70903
-72480
2475
84494
65061
64312
-54116
48860
43357
-15833
-77637
24259
-39290
37655
-75243
-17237
53341
77792
10567
65070
-86903
-79023
-73483
-94436
-42696
-91533
50945
62921
41859
94099
-18902
-1955
48708
83573
-17461
13769
47884
-44488
-37372
-81671
-33232
-87919
42588
27478
49736
-5565
37330
-69835
-27774
-52103
95235
-87588
95964
-78249
45066
-46733
-69782
-3990
43277
-834
-82803
-75626
24300
65906
-92054
33928
-20326
-17080
16529
-30609
1249
83297
-18528
70927
-62136
58297
92451
75194
88462
91766
50180
10785
-95823
46143
32536
-23667
26500
-10157
72343
-30224
16098
16630
-5849
-59602
-90376
-70814
1415
-83613
-60805
-82056
-14222
-32466
28330
-5660
65550
66194
-47364
58000
41388
68188
-23146
-8433
-21028
-91880
64800
38598
-15547
-8701
-71560
83886
61075
-28372
515
82315
12026
-62772
38591
40530
-46385
4875
58474
39393
72409
-13196
60822
37958
-47003
40548
-76954
21474
8735
-73011
40131
87707
-64890
4930
26304
-53348
96229
-18166
-69463
-15608
53462
-41859
93797
92577
-4631
-40524
33106
48984
64351
-81331
-84534
-36151
-67438
3377
28896
-87352
-56076
-20968
34123
52659
6021
-25747
-32545
-31780
6272
20848
14873
-70411
-97319
-27501
-58930
-16768
-42270
-65134
-97103
53099
-78569
-36907
-70828
85783
-18238
71728
76721
14324
-24896
5616
-45939
-53882
84648
88184
98777
-82242
89526
93321
-14022
-4203
14169
27940
-47525
-56061
-99561
-6454
-45739
-41831
28412
-42842
38357
-23067
-52660
-5382
-37285
29102
-33655
66525
70515
-31461
99230
-75424
14657
10967
39849
-59478
28725
-43536
-66157
41792
-20650
-24899
-30268
31826
-53871
97261
-74629
-72521
82519
-19128
-88273
-52036
57805
-40933
42583
47609
15259
-91073
14133
-14227
-22534
-59548
-62562
19212
51419
4377
59735
-19857
60841
93578
49024
-59810
95768
45845
-895
68986
43105
-48435
96466
-47288
32438
-91808
677
-82669
94349
-56741
64941
9607
79276
-93838
22470
83832
-53386
-13003
3043
98033
91374
-37223
-94736
-20697
83444
-18622
-53417
79211
-72778
45688
48197
-2583
97254
-28249
50129
-43220
-92968
-49195
-25889
-98620
-78847
66141
10988
-99571
72304
-66543
84261
46007
-52457
-85608
-28871
-61083
-22830
-96518
18220
-39387
-15140
-8108
66914
12083
-62420
-57801
-90501
61923
13950
-13283
-81298
20982
-35388
-7187
-50549
-14235
86044
60439
-86717
58347
20985
24633
-68558
68529
39026
2571
34535
-83805
6054
79844
-96103
18003
-28264
70811
-69915
9316
-86991
66674
98328
-45952
-46609
-82971
2119
18003
-63069
51571
30857
-77026
-60902
44141
8410
60084
-31227
-33058
-44299
-92202
69513
17325
51083
-97345
-2832
54981
-52252
68904
-47120
-22167
-94692
92980
71597
-96365
-52973
52077
47754
-23764
97169
11775
-72194
28025
-38162
93994
99255
-2662
-18834
-31972
64280
-36044
-97085
-39119
81281
53999
90627
-21551
-63932
-61626
74442
-11052
16207
79751
-18073
-85108
10475
-43956
66969
85319
32280
64137
-2907
-12825
-80749
-13980
-91743
-81495
83358
-10576
-86378
47637
53380
43628
-91482
34661
-75285
26234
40199
-39217
64608
14640
-23180
-92097
-5610
58748
-77204
31955
41881
89765
17273
-98751
-19009
41455
-84487
242
-72526
-76230
-54164
-89168
-59717
-40541
-14442
93664
30176
-78835
-44587
54891
47399
95612
-84327
12006
10251
-80418
19910
31731
5419
-30205
-36315
-52701
86649
8047
75638
-32361
-50499
91151
-5030
-23025
42011
40807
-12193
82294
27355
455
3046
-42470
21620
58459
-87580
-30981
-18841
55183
8114
18500
74765
-71977
-49770
-19816
-2182
-58996
-45428
-15533
49051
-69790
-20805
98552
48450
74166
-24474
-9540
-57939
-9577
99844
-3495
90878
-70022
54035
12497
88438
-6456
8605
96686
-51274
-83281
15185
50580
71832
65415
57853
96740
33508
-87575
-91705
-17442
69725
-12510
-18891
18174
88745
-16275
-91366
-69195
1237
35567
27310
-80797
65545
-91567
-41211
-18929
1977
67395
-22243
-22208
11203
20031
55462
-16966
-87465
13314
-20227
46043
-47172
-11932
-71399
-77448
2648
-63201
40727
-8608
-52387
-23550
-50713
48850
39106
3686
-4858
4650
-60791
53932
12811
-31725
21326
90568
-26843
59618
-62313
-71382
-57349
-49778
-30979
-50486
96266
-51061
-35329
51956
-28509
67319
15844
39307
85801
63458
-84244
62177
-60604
-18049
-34138
34539
86602
-67840
-11530
-588
436
36885
-82932
73593
-76409
-45245
29300
-33758
4978
98321
-57155
-71668
-52741
-65394
80288
-54160
29014
-3869
85147
14814
86678
27993
-95921
53164
-90057
97032
-12298
23634
-70809
3261
50135
29627
67235
-5708
3219
90826
49048
59608
84157
81115
57929
54092
36536
32277
88698
16823
5206
17711
40043
-82558
59615
-46190
45435
63694
-93027
-17533
60725
-78236
33191
89917
25025
-16675
-53368
-80652
77618
-23059
-89827
-46246
-63452
21419
61958
21566
-24490
-1507
80933
-35793
42405
-13862
9008
-17553
3580
-31378
-36654
76104
59405
-29681
85661
20130
-7917
18851
-62865
44197
29265
-16233
63545
-66029
-12203
807
-85186
24346
-77774
76772
-54089
-75175
-24736
53933
-10967
-82332
-59929
25130
-72795
-29260
93752
-9449
73934
-19755
-12040
59594
-99626
80043
-94467
64599
-48671
34798
75456
-85127
68770
-36748
-57230
83584
14687
-35004
-12555
60599
-10179
62709
-58380
5943
7467
-91220
-68928
34672
-20479
51913
-74778
-46546
-67842
13182
40137
59622
-79686
45670
-48690
-28357
-19533
-73235
-86395
76326
-82894
-43625
-13001
31794
-51540
74444
-80519
-34629
-35759
-38899
71314
71708
-30118
29476
-66532
-23508
-91523
-41309
29946
67725
-1038
97172
-45564
-53635
42841
5746
-54903
50397
-40400
-41297
-46188
-23294
-57833
40811
-91501
-9372
-57657
55070
55999
-66327
-83829
-45599
32471
-86858
10966
65939
-10366
19444
51719
46669
-85743
77771
43840
-31307
-75865
-13320
1528
-30767
64166
61128
-44975
-82023
64924
-75719
58788
512
14909
28220
-44418
97997
-11017
-28247
79488
-78547
-15105
-9547
87392
1618
36986
39111
-51714
51244
16881
92126
47026
-31895
-94106
-51446
-35573
70060
36771
-53459
88038
1694
-29177
-26086
-97794
12821
29224
84878
10818
-81794
-43370
-82606
-60341
-31386
7847
54140
-2679
71923
-6750
45607
23166
37220
-35179
97281
-94675
-29285
72924
96842
67864
9695
-56617
55901
38478
14206
56905
-32227
-72974
-13872
-47350
-35067
-68577
-63631
-17673
98172
-67928
17264
52311
29393
-10814
72651
-25001
39441
9870
-33091
36721
-57716
37624
9645
-60874
5488
46429
-17491
88478
-88005
23804
45382
-20231
-22081
58599
-40492
42853
90022
-4122
52269
88193
-44961
-30468
40504
84433
-14193
-59757
86521
-74753
50113
-46570
-10942
19487
18143
25792
-14298
50720
99310
-4700
39198
-88696
-80897
-88332
-81838
-2978
70268
-22329
66964
-12622
638
19233
-24429
55677
15854
43164
-32802
-98339
83407
-46281
53998
-39392
-65762
70145
7184
52381
-4064
92886
-69810
-4755
-11815
69388
-66361
7288
81056
-48199
31400
-21588
-43439
-1637
65791
57199
44685
68451
-60035
-39461
-61297
7163
89290
49199
-12029
-29624
36896
22209
-59479
-55920
-98321
36457
-63035
-68131
58792
-47760
28346
92431
-13383
-63510
71321
-81984
14903
-72118
-56531
-92218
85081
15243
3322
-74955
2871
42025
32209
-7840
-8777
47269
-10374
55208
-30522
30147
99288
98247
93693
63343
-69885
-20427
-84418
58461
-27997
-70712
22040
-56676
74395
-63058
98296
44953
71814
83376
-39805
-24865
35511
63067
44249
94809
82316
62561
42077
-28059
17769
38644
29177
17056
36890
22870
-92513
-5906
-97558
-76931
79644
-98465
79448
1684
71949
53842
-34285
70244
-1206
-62471
-19292
58989
-60247
43308
-50856
84003
-34795
-68540
46563
-92718
-69510
-35669
-26985
59668
8477
-90095
-90374
15964
-68912
39158
-33877
-89268
-32218
-54430
12416
-60270
26501
78131
37063
-74706
42749
44861
11372
82503
-84743
60517
66505
-19537
19066
-59844
-85166
-23355
4488
-12151
63402
40054
-75157
73028
-43983
-44068
-60725
22140
-33336
7057
-5201
79080
-26123
-78701
-15701
38029
-53407
-72952
-17111
-14945
-90450
-1853
72661
3144
5699
-8274
43300
20533
68371
74877
-91619
31773
14930
60315
-68111
-1963
-83754
98254
-79824
-90001
5311
14976
16168
6277
36275
-99534
-55695
9958
-72486
-45716
95013
64154
-20480
67673
-32703
85219
86488
37687
5751
54858
-60348
-58779
-86281
54583
-98465
72699
79709
44871
70952
99885
54870
-96649
-58051
-28963
9628
78225
-28496
53934
-84729
-73893
35307
-89717
17351
-85174
5045
84648
-99956
-8468
-50577
-67116
-53611
-10924
-25895
87199
70748
-97270
59897
50456
47601
-42063
-22571
2471
-38711
19379
597
70917
-75308
-810
-48061
-60037
25298
14335
77336
-57352
29161
-17620
54385
-43706
73912
30898
-10822
47390
47063
63284
-38323
-55101
66014
48663
95355
-59297
-93400
99873
-29737
-32111
-53660
70861
65895
-28968
-29950
44924
-61916
22437
-40742
42509
-7826
15509
-75112
-53441
71803
98800
4546
-39019
-26721
-48392
51354
34956
-3493
17367
-16381
-81050
-14841
-9781
45912
55423
-14803
92253
26283
78181
90374
96333
-49807
55548
-54141
9452
-1944
38033
52050
22945
11681
23852
-51167
-83774
84833
22112
94924
36186
84158
-81481
80642
-32224
64559
-34199
-14916
10471
48313
-2630
-70188
-25405
-24450
-79815
98017
-47167
75733
-56125
-10626
-26211
8998
-58577
23823
-79322
65275
72656
63995
-22803
-78143
58918
40472
-93986
4527
21114
-99121
-30915
14004
-14037
79556
89406
10422
-90633
-36000
13061
56643
89106
65894
32375
60071
-44733
33253
-30932
-3310
84165
-10254
-38035
56821
80830
39162
5767
39748
-20367
11781
71364
27836
12660
-59552
68929
25712
47094
58334
-63867
56461
49423
49194
-59808
38529
15088
-343
-1401
70355
-67091
67667
94135
-82926
84502
-43901
984
65332
22350
-93250
-67832
29072
-54380
-96469
83998
58280
71069
52926
-88920
18162
-61651
-52787
-25377
14861
23496
-58096
-46611
-61417
41561
-20923
36028
1560
73833
30162
-54277
-14576
13350
-26204
77845
62789
-19454
-89988
-8140
26166
40633
-97054
-88466
11701
-17038
49704
56953
21311
96917
58665
63261
20412
-99432
-83350
-13915
42130
-77184
49202
70779
96650
-93548
-83499
-17927
19802
-9703
87007
-90321
-2068
24108
1539
51187
-35260
-68425
62721
3530
14537
12424
-39518
62937
-63571
-80854
26197
-16070
46805
42847
70015
-11066
-7247
19216
-40288
-10598
25668
-96698
-1436
72559
-6401
-14430
82238
91531
-90323
-89134
-30194
-98494
-57559
-67474
-67875
-15933
-27961
-80303
-52997
-64443
65933
73200
19487
12737
-56864
-83409
28760
35889
-37104
15561
52380
15654
-54048
78033
-84699
39551
-36398
97540
-41830
-99632
35495
27976
28964
5025
-12409
-11822
89092
-13281
-65036
63184
22276
-99103
36383
68853
-59277
79519
12533
-3427
-57504
75429
-87867
94876
-8918
-41914
72908
-66527
24726
63599
-68988
9986
-8944
-6404
65051
-79981
25710
-47358
-64713
14801
-33550
-29749
-22016
15816
-28852
41456
-88243
-61039
20975
24290
35534
63471
-282
-25244
-14564
17890
-40069
-41657
51363
84658
49032
9464
-78268
-59913
30149
86783
87197
-44142
66514
-77517
-2252
60054
-7266
2821
-24131
-9028
-55724
-12374
-42978
-7660
39005
92556
82901
65812
94401
-31664
-16299
-45668
-46232
62153
66079
-97201
98706
87811
-57113
28854
1682
-69917
11801
-31804
79656
-90452
-71751
99479
-60542
-68793
-9550
-89176
-54078
47472
3164
84927
-32884
-86847
50738
-38483
-18511
61529
-57062
-37653
-49230
-90984
-34854
-50524
96827
-64878
5419
-74403
92295
44310
-6207
-961
-19053
-50869
-1482
20406
-19662
88968
31230
26260
-36471
61483
-61725
-42266
74637
89014
19251
83215
-22369
62189
-54439
28401
-1706
-62203
77877
-77791
-99992
-89615
-52193
92304
54695
-31311
-8658
-64359
17821
16949
-16864
25248
5917
-85635
78598
-3465
75849
-83128
54269
50485
32975
-99391
-39212
-89395
-10113
6350
39007
15271
-28764
-56028
37480
-28756
81447
85287
90637
-36770
-46024
-90932
-1128
-1114
26017
9097
-75867
59023
23463
29820
82647
-73600
46693
-35995
3974
-93244
91704
64762
-82638
-91321
-28889
-16542
23950
-30564
-45481
-38570
40681
-64034
-53284
-41594
-804
-72219
94564
25157
26667
20581
-65746
-22110
-93308
-15194
-92291
16429
11206
-18509
80434
-84821
-84663
72137
79941
59789
7905
78142
-56754
-68145
-52423
-75146
-6715
15347
-39180
-32910
843
-12894
-78039
-4594
39352
48628
43076
695
53607
49769
85501
-11594
-33803
-76205
-3014
73720
-61026
12323
-27055
46005
-27889
80850
-48765
-57554
-87296
-74099
-32699
-66922
-31662
-44790
169
69181
42316
-50781
-35414
-18332
24936
34752
9452
-21457
-88391
-5047
-5962
-95105
18748
91024
78615
-15188
3347
-48441
57906
2547
59498
36230
-27917
-708
62131
39384
32370
-69532
21683
59628
26738
-36001
-91154
18414
-27244
33783
-46835
82208
39415
-35226
-95751
-66548
-30331
-49913
-75525
75373
34899
-45089
54021
-80107
-15452
13518
56123
56631
-87191
-54658
-76897
45180
-97100
44786
-68104
29638
35874
-59257
75141
35719
1615
-71695
17927
-58971
-79832
22176
-98430
-10163
72263
-73955
92299
-65750
-91954
46319
81233
-80317
-40163
37355
3403
-27354
9787
26506
44915
12687
98381
3901
-57676
34255
-28267
44555
-30027
73348
72860
14989
41466
93029
64255
43036
-90046
-36394
-3830
-97747
-2143
-68695
48572
-93822
-49012
35498
43534
54391
35234
-46680
-92015
-92763
-6904
33456
11138
-37491
-32290
82871
-92937
-35228
-16693
79924
6851
-75228
41
-28895
-5103
-62916
34711
91068
66427
59657
49462
-57912
65836
27540
77586
-63542
-90981
12819
-83133
-82995
20057
9963
-22450
58284
72472
45260
41155
79536
37121
51551
-13452
-56029
76324
13678
-57835
98310
50762
76877
16466
-55722
-36378
-34072
-13634
56547
93468
91041
93005
29576
3860
36961
-26330
51006
-53077
51220
-63622
46485
-76432
4622
-46891
60690
-43827
39657
31750
59586
80424
73916
57895
31185
50792
-25639
2552
41503
-32622
88918
-1950
87935
79959
-81857
17510
-89093
55105
91181
-10998
29117
42400
25380
-24399
65969
57092
28710
-46253
-86736
95456
85497
-61
75879
59412
84923
-65847
-62708
-40717
36705
5885
-46250
-47288
-96066
68774
59760
49167
-13716
-2244
-68640
-95447
13847
60478
-25958
66316
63168
67100
23407
-81033
-79154
-36240
41512
33433
63699
17391
-80067
48622
-21367
84316
34994
42427
-9800
15834
22228
-78777
-15393
-18013
70390
70891
6832
28840
2533
-79322
-83594
76576
86995
79574
43675
10401
25630
-8389
1251
-32858
52133
-35051
11622
72066
40660
17344
56381
-24346
-40230
-53420
91488
9088
94893
-23906
18164
-7628
74075
-75004
-78789
-96304
-54326
-62383
7361
59758
44280
78126
97249
-30090
-30264
-1501
-35859
-78132
-9463
2852
21023
-68803
-79805
-22596
-66060
-92946
-48927
-74573
16142
-54034
-71390
-65694
-34573
29774
86392
-13362
33471
59155
-48656
-59169
18913
95624
-81044
-56750
-34467
-84219
41749
-43237
64739
59375
59615
-14238
90572
79810
-9745
-75489
13954
41328
77028
-69905
14383
32728
91491
79810
-37499
77882
93537
23061
37037
-55120
-9018
83039
67594
-62973
-73712
60216
79899
-4874
-83021
44637
-45500
76594
57488
72162
-16507
-52258
23762
97447
89071
790
54631
-69458
-66483
46122
37442
-76893
-48908
30978
-26742
15218
2948
-8671
-1744
-29459
28356
-48367
-69244
8254
-26152
74825
79981
28349
51419
37468
-72401
62001
85211
51361
-13464
1370
-47850
-58834
-40999
-87244
14377
96443
62954
65470
-45490
-63789
-19313
-15453
27540
6033
-17823
82985
57666
-59978
-81672
-68486
-85153
98309
-13048
-6645
-37135
14551
-44645
75165
-34089
-31020
-96377
-54849
10146
-37375
84997
-75477
-40933
47950
17082
-59334
11250
24858
25213
-61211
-69110
-92611
48864
88557
-52588
67192
47160
89349
-7411
61201
-17297
55454
-24249
-34853
30619
-31249
34127
34242
-59009
-55728
23956
-74012
95885
83024
1027
-59945
50779
-87723
64914
-24008
78156
95804
-89530
27019
11449
-42118
-5790
-41392
-52770
86799
46898
-42978
-30658
-77352
22169
27050
-81511
-43705
88381
-40520
-72343
12337
-87443
50631
-4640
13585
90687
-53862
-47049
55600
-50781
-68894
51403
-40310
-14785
-37148
-55339
6514
-51451
-81019
-79598
95448
-23997
-10256
45185
25262
-83207
-9237
8646
-94827
-22667
36303
-55401
-10110
-13066
-32952
30564
-22380
-59724
10604
-66781
-10505
-31200
11711
-23726
54015
74563
20936
-39472
50202
-32994
-91981
-27262
-29902
-2237
45012
95360
-58355
-64225
4006
73909
13108
67398
-81493
30087
-45669
-14444
-39349
-40960
25832
71255
-7741
42416
67144
-96030
-81310
21158
5622
-33285
8776
82913
33721
16795
-44350
-96182
41648
-99338
26268
10382
-63563
57363
-15710
-23366
24760
-70113
-93280
79092
-57468
94461
-61869
-4547
65716
-42520
-62132
-40052
88540
-43442
81107
-5839
-49638
-83029
-22926
84083
-39145
32724
14991
-97498
-39525
68348
12885
-75999
25710
24264
635
-49531
54151
7356
56650
23772
1816
94782
-80776
94621
79351
-42907
-45431
67890
-59260
62765
-37950
-8897
6825
-33787
-97726
67680
26027
17265
-2728
86502
-14388
37246
-89497
38411
-38491
-61773
88881
42750
45583
45530
-33479
74489
-32600
-14254
-3802
-53250
42839
-22144
-85361
83579
-59380
-96221
-98230
47445
-30008
-95955
15125
23108
-51601
39486
-63301
-38899
-23269
-52798
99512
38240
-87482
88392
-91922
-14809
33922
-25400
-40321
28411
60346
-17034
75162
-69727
60823
16890
40941
-98558
-52242
42712
-24023
17751
-26154
18191
67948
22245
-42324
-95354
83346
34407
78938
82858
-27354
91457
-1662
-19275
-23353
59349
-17586
-36585
-12240
69849
46381
-37079
-99879
7203
6900
-31849
-64265
54659
37952
11712
99499
-88203
-70098
67446
-38868
-12422
-818
-55523
-78016
-21881
54424
-78281
-30425
-47238
-70467
-26689
-87890
11947
-36185
-130
-91116
-89804
-10120
-90995
-55512
23870
-95754
-19777
-21472
42198
91935
-21974
-18915
48926
72561
42217
63593
-28258
13783
85577
49862
-31793
34386
46526
-51942
-8992
46927
-39832
30045
-89259
-12872
38929
-79063
77008
-24976
92516
877
-20730
-27262
6494
-78533
91763
84520
-70359
40688
-15830
71858
4281
-16999
-87270
-83054
59952
-19063
-21579
6478
28995
69430
80494
16252
-526
91235
-96621
65492
39262
80388
-59485
31777
-91647
19785
-95486
14848
-31658
96277
-73544
-2017
-35946
-62285
96931
-4576
20717
-90340
12370
-19332
-82314
17881
14235
-26230
-85601
-5272
90022
13873
-86948
93402
-93547
52314
878
-53031
-15910
-63680
-6157
-84307
-21743
62185
39060
-68197
87258
30203
-30482
11277
-74374
17324
-51974
-34915
97993
92802
82966
12227
-33429
97365
34045
83682
-61674
47097
77083
-55220
-590
-94951
-81162
10589
68460
12681
26282
-53284
-98045
92431
-21481
16302
22633
-24873
54668
48259
92451
-97307
-86656
90443
22584
23399
-70241
89155
-52147
-9107
72836
-13821
-62011
-22992
-41952
-35512
-90854
-23114
75077
77606
16657
-71553
-75678
-54299
47968
-70070
62003
-29400
5057
-56241
45949
-2492
73542
-13618
-84961
-3875
-90220
-55202
-87632
84723
35691
12293
-29098
769
89301
-43961
65257
25537
32926
-32578
3142
76672
-77041
-45447
-77628
70927
-88427
11464
68616
-56281
55223
-58347
41227
-44147
28035
56267
51978
-35095
28154
64346
-50373
90935
-23362
-52382
-8297
93029
3658
84050
-54346
-63417
-48529
-24115
40344
-98481
30439
62716
-465
-30899
-98732
-31849
12820
-16420
9804
-45953
39433
64929
37403
-81501
-70167
92646
82845
-93451
83580
86572
-45832
-97628
6689
57826
86422
52343
21498
64982
-71772
-38159
-6409
-14244
51646
93126
54857
-19997
88366
94766
63583
-74741
75902
-69896
90188
-59607
-51397
47110
-66961
58537
53659
43708
-27803
34916
46080
78887
-7259
-40410
-41682
41328
51662
-13454
-96832
-54748
-609
-18097
65467
81337
61906
53833
76103
-47423
79092
-20907
-17319
-3632
19487
-41627
-56523
52526
-83091
24225
-76678
-10893
-40859
-3508
-32007
51882
56082
-46600
-79701
-65168
-32964
-76533
-92827
66427
-67540
72641
-25147
21455
-46438
78045
74033
-67347
-42863
83803
-43890
76624
-57824
-413
-43762
-40915
-76189
-20439
-24719
-89959
76053
43274
-10987
-40777
23764
9312
-78855
90800
-40132
-71682
-15685
-7672
-99042
59168
-86217
-45480
37212
14905
-85738
21439
-74204
-29628
-74849
-32028
-2952
-18610
-45853
-52051
-11960
29428
-42010
91182
99792
-25908
77494
23555
83404
98639
14354
-56728
-73043
25758
-37311
55005
-15074
-96439
36615
49227
-54445
50877
-29335
-28648
48339
-77094
39324
72476
-68615
93471
-79576
19425
-50012
-94496
-62305
-50221
-20404
-84812
73334
90090
40917
-85224
60451
67874
40534
-76861
-50033
52549
-73299
86582
-71135
-27744
-35452
-73381
-29303
39976
-50475
-89979
12451
-19090
30581
-40035
27424
80569
92559
65119
57437
99244
7397
-42141
89333
-51687
-27365
49783
43276
40259
12
20332
-80104
-46198
6914
-51239
-46853
-1449
-24619
23845
-61474
-48005
-39045
50977
32906
91536
38031
-39671
-806
30589
52538
83720
29833
-40066
-58421
-53746
-64664
-58697
23127
78612
8651
50228
-73968
28548
-95971
32946
4398
-42824
-68504
6868
8110
97112
58864
69065
48089
-8231
-12310
-86792
-20813
13973
43798
-68276
-2308
-99281
-8342
39271
74063
26994
80575
-2811
-67306
-83686
74506
-41273
44862
78535
18762
76350
62801
-22652
-16783
-29090
-25541
-57920
67065
49637
-39062
-45246
62846
40126
68727
-66268
71850
93508
61541
-36492
32779
35603
17591
-59558
59882
-22625
-43244
34387
-36809
28708
-59989
9042
5057
-97189
86390
88274
-99190
87939
57444
67875
37575
-81619
-77372
-72491
58507
18444
-38759
30357
11952
49871
20954
71820
-14526
65634
39351
72445
70098
96107
-66080
-66712
-48097
-26069
-30580
56960
-96169
-44191
-27677
-95358
70837
-70234
72517
8412
-51853
22235
-36990
33744
-59322
24252
91190
-20281
-98789
12143
78628
-86226
-95135
17978
86219
74964
-58826
47229
35341
-6923
-78841
-95240
77127
-75009
87660
-50551
56723
-14415
-93696
29239
93997
81541
-48527
-42993
15284
-80759
8348
6473
-73951
9559
45705
-95323
23334
-22340
-50256
-63359
-47377
-9082
83870
15053
83996
32119
-53097
-11789
-15801
61652
37660
-59079
-52764
-28947
70160
68323
79683
48723
52419
-5033
-4947
-39234
28529
-51809
-2586
-98677
-47132
47837
-21017
2613
84479
-41305
20620
-4563
73748
4615
-72445
-79350
92826
11754
9391
-42426
-20236
56628
-44284
77014
24950
-64601
-47175
-22632
-42545
47878
-34777
13073
96069
62637
14396
76027
-62437
20468
-94272
-77959
79163
26348
17478
-20000
58053
-27877
-72261
-22033
10966
37131
-37369
90731
-79153
18347
67744
45797
-19165
-79432
50254
38290
-4465
42566
78453
-81308
5202
-80063
21808
42765
40406
27536
-8105
-53343
80974
36463
26657
-33885
-91415
-18514
44082
-53360
-81384
-93288
-62630
-60537
-47851
32203
12349
32984
-20140
-37398
98364
75395
-94833
3905
21177
-62542
23842
-57016
7313
-35753
-2390
26297
-62006
-94328
-37241
-8260
-28213
98434
73226
42958
-54926
91842
49671
-90467
58394
28909
41737
-29258
88982
-78404
-39567
14434
24081
92690
-81662
-54743
57238
42181
-84670
91640
33517
-59971
17936
71511
-54299
7785
-36749
-55423
6218
-63524
87536
-21619
55408
37206
-12085
13801
93204
-70349
11633
82185
-48753
-845
-3381
2417
-8155
14957
-25237
76172
-42863
-9906
67811
17744
-42788
-14254
-10746
2914
93531
-20406
47491
-73162
-56840
35026
5219
25657
99321
93134
66547
19613
-77216
-21821
1798
-98879
77335
25506
-69373
96269
67552
5391
72440
-75311
22574
40250
-30478
79786
53085
58776
-90212
-26295
65460
-15631
543
35709
46484
32851
-38635
45805
25985
-72089
